0.000000 	 1.000000 	 0.000000 	 0.000000 
0.010000 	 0.999975 	 0.005000 	 0.000012 
0.020000 	 0.999900 	 0.009999 	 0.000050 
0.030000 	 0.999775 	 0.014998 	 0.000112 
0.040000 	 0.999600 	 0.019996 	 0.000200 
0.050000 	 0.999375 	 0.024992 	 0.000312 
0.060000 	 0.999100 	 0.029987 	 0.000450 
0.070000 	 0.998775 	 0.034979 	 0.000612 
0.080000 	 0.998401 	 0.039968 	 0.000800 
0.090000 	 0.997976 	 0.044954 	 0.001012 
0.100000 	 0.997502 	 0.049938 	 0.001249 
0.110000 	 0.996977 	 0.054917 	 0.001511 
0.120000 	 0.996403 	 0.059892 	 0.001798 
0.130000 	 0.995779 	 0.064863 	 0.002110 
0.140000 	 0.995106 	 0.069829 	 0.002446 
0.150000 	 0.994383 	 0.074789 	 0.002807 
0.160000 	 0.993610 	 0.079744 	 0.003193 
0.170000 	 0.992788 	 0.084693 	 0.003604 
0.180000 	 0.991916 	 0.089636 	 0.004039 
0.190000 	 0.990995 	 0.094572 	 0.004499 
0.200000 	 0.990025 	 0.099501 	 0.004983 
0.210000 	 0.989005 	 0.104422 	 0.005492 
0.220000 	 0.987937 	 0.109336 	 0.006026 
0.230000 	 0.986819 	 0.114241 	 0.006583 
0.240000 	 0.985652 	 0.119138 	 0.007166 
0.250000 	 0.984436 	 0.124026 	 0.007772 
0.260000 	 0.983171 	 0.128905 	 0.008403 
0.270000 	 0.981858 	 0.133774 	 0.009057 
0.280000 	 0.980496 	 0.138632 	 0.009736 
0.290000 	 0.979085 	 0.143481 	 0.010439 
0.300000 	 0.977626 	 0.148319 	 0.011166 
0.310000 	 0.976119 	 0.153146 	 0.011917 
0.320000 	 0.974563 	 0.157961 	 0.012691 
0.330000 	 0.972960 	 0.162764 	 0.013489 
0.340000 	 0.971308 	 0.167555 	 0.014311 
0.350000 	 0.969609 	 0.172334 	 0.015157 
0.360000 	 0.967861 	 0.177100 	 0.016026 
0.370000 	 0.966067 	 0.181852 	 0.016918 
0.380000 	 0.964225 	 0.186591 	 0.017834 
0.390000 	 0.962335 	 0.191316 	 0.018773 
0.400000 	 0.960398 	 0.196027 	 0.019735 
0.410000 	 0.958414 	 0.200722 	 0.020720 
0.420000 	 0.956384 	 0.205403 	 0.021728 
0.430000 	 0.954306 	 0.210069 	 0.022758 
0.440000 	 0.952182 	 0.214719 	 0.023812 
0.450000 	 0.950012 	 0.219352 	 0.024888 
0.460000 	 0.947796 	 0.223970 	 0.025987 
0.470000 	 0.945533 	 0.228570 	 0.027108 
0.480000 	 0.943224 	 0.233154 	 0.028251 
0.490000 	 0.940870 	 0.237720 	 0.029416 
0.500000 	 0.938470 	 0.242268 	 0.030604 
0.510000 	 0.936024 	 0.246799 	 0.031813 
0.520000 	 0.933534 	 0.251310 	 0.033045 
0.530000 	 0.930998 	 0.255803 	 0.034298 
0.540000 	 0.928418 	 0.260277 	 0.035572 
0.550000 	 0.925793 	 0.264732 	 0.036868 
0.560000 	 0.923123 	 0.269166 	 0.038186 
0.570000 	 0.920410 	 0.273581 	 0.039524 
0.580000 	 0.917652 	 0.277975 	 0.040883 
0.590000 	 0.914850 	 0.282349 	 0.042264 
0.600000 	 0.912005 	 0.286701 	 0.043665 
0.610000 	 0.909116 	 0.291032 	 0.045087 
0.620000 	 0.906184 	 0.295341 	 0.046529 
0.630000 	 0.903210 	 0.299628 	 0.047992 
0.640000 	 0.900192 	 0.303893 	 0.049475 
0.650000 	 0.897132 	 0.308135 	 0.050977 
0.660000 	 0.894029 	 0.312355 	 0.052500 
0.670000 	 0.890885 	 0.316550 	 0.054043 
0.680000 	 0.887698 	 0.320723 	 0.055605 
0.690000 	 0.884470 	 0.324871 	 0.057186 
0.700000 	 0.881201 	 0.328996 	 0.058787 
0.710000 	 0.877891 	 0.333095 	 0.060407 
0.720000 	 0.874539 	 0.337170 	 0.062046 
0.730000 	 0.871147 	 0.341220 	 0.063703 
0.740000 	 0.867715 	 0.345245 	 0.065379 
0.750000 	 0.864242 	 0.349243 	 0.067074 
0.760000 	 0.860730 	 0.353216 	 0.068787 
0.770000 	 0.857178 	 0.357163 	 0.070518 
0.780000 	 0.853587 	 0.361083 	 0.072267 
0.790000 	 0.849957 	 0.364976 	 0.074033 
0.800000 	 0.846287 	 0.368842 	 0.075818 
0.810000 	 0.842580 	 0.372680 	 0.077619 
0.820000 	 0.838834 	 0.376491 	 0.079438 
0.830000 	 0.835050 	 0.380274 	 0.081274 
0.839999 	 0.831229 	 0.384029 	 0.083127 
0.849999 	 0.827370 	 0.387755 	 0.084996 
0.859999 	 0.823474 	 0.391453 	 0.086882 
0.869999 	 0.819541 	 0.395121 	 0.088784 
0.879999 	 0.815571 	 0.398760 	 0.090702 
0.889999 	 0.811566 	 0.402370 	 0.092636 
0.899999 	 0.807524 	 0.405949 	 0.094586 
0.909999 	 0.803447 	 0.409499 	 0.096551 
0.919999 	 0.799334 	 0.413018 	 0.098532 
0.929999 	 0.795187 	 0.416507 	 0.100528 
0.939999 	 0.791004 	 0.419965 	 0.102538 
0.949999 	 0.786787 	 0.423391 	 0.104564 
0.959999 	 0.782536 	 0.426787 	 0.106603 
0.969999 	 0.778252 	 0.430151 	 0.108658 
0.979999 	 0.773934 	 0.433483 	 0.110726 
0.989999 	 0.769582 	 0.436783 	 0.112808 
0.999999 	 0.765198 	 0.440050 	 0.114903 
1.009999 	 0.760781 	 0.443286 	 0.117012 
1.019999 	 0.756332 	 0.446488 	 0.119135 
1.029999 	 0.751852 	 0.449657 	 0.121270 
1.039999 	 0.747339 	 0.452794 	 0.123418 
1.049999 	 0.742796 	 0.455897 	 0.125579 
1.059999 	 0.738222 	 0.458966 	 0.127752 
1.069999 	 0.733617 	 0.462001 	 0.129938 
1.079999 	 0.728982 	 0.465003 	 0.132135 
1.089999 	 0.724317 	 0.467970 	 0.134344 
1.099999 	 0.719622 	 0.470902 	 0.136564 
1.109999 	 0.714899 	 0.473800 	 0.138796 
1.119999 	 0.710146 	 0.476663 	 0.141038 
1.129999 	 0.705366 	 0.479491 	 0.143292 
1.139999 	 0.700557 	 0.482284 	 0.145556 
1.149999 	 0.695720 	 0.485041 	 0.147830 
1.159999 	 0.690856 	 0.487763 	 0.150115 
1.169999 	 0.685965 	 0.490448 	 0.152409 
1.179999 	 0.681047 	 0.493098 	 0.154713 
1.189999 	 0.676103 	 0.495712 	 0.157026 
1.199999 	 0.671133 	 0.498289 	 0.159349 
1.209999 	 0.666138 	 0.500830 	 0.161680 
1.219999 	 0.661117 	 0.503333 	 0.164021 
1.229999 	 0.656071 	 0.505800 	 0.166369 
1.239999 	 0.651001 	 0.508230 	 0.168726 
1.249999 	 0.645906 	 0.510623 	 0.171091 
1.259999 	 0.640788 	 0.512978 	 0.173464 
1.269999 	 0.635647 	 0.515296 	 0.175844 
1.279999 	 0.630483 	 0.517576 	 0.178231 
1.289999 	 0.625296 	 0.519819 	 0.180625 
1.299999 	 0.620086 	 0.522023 	 0.183027 
1.309999 	 0.614855 	 0.524189 	 0.185434 
1.319999 	 0.609603 	 0.526317 	 0.187848 
1.329999 	 0.604329 	 0.528407 	 0.190268 
1.339999 	 0.599035 	 0.530458 	 0.192694 
1.349999 	 0.593720 	 0.532470 	 0.195125 
1.359999 	 0.588386 	 0.534444 	 0.197562 
1.369999 	 0.583031 	 0.536378 	 0.200003 
1.379999 	 0.577658 	 0.538274 	 0.202450 
1.389999 	 0.572266 	 0.540130 	 0.204900 
1.399999 	 0.566856 	 0.541948 	 0.207356 
1.409999 	 0.561427 	 0.543725 	 0.209815 
1.419999 	 0.555981 	 0.545464 	 0.212278 
1.429999 	 0.550518 	 0.547162 	 0.214744 
1.439999 	 0.545038 	 0.548821 	 0.217214 
1.449999 	 0.539542 	 0.550441 	 0.219687 
1.459999 	 0.534029 	 0.552020 	 0.222163 
1.469999 	 0.528502 	 0.553559 	 0.224641 
1.479999 	 0.522958 	 0.555058 	 0.227121 
1.489999 	 0.517401 	 0.556518 	 0.229603 
1.499999 	 0.511828 	 0.557936 	 0.232087 
1.509999 	 0.506242 	 0.559315 	 0.234573 
1.519999 	 0.500642 	 0.560653 	 0.237060 
1.529999 	 0.495029 	 0.561951 	 0.239548 
1.539999 	 0.489403 	 0.563208 	 0.242036 
1.549999 	 0.483765 	 0.564424 	 0.244525 
1.559999 	 0.478115 	 0.565600 	 0.247014 
1.569999 	 0.472453 	 0.566735 	 0.249503 
1.579999 	 0.466780 	 0.567830 	 0.251992 
1.589999 	 0.461097 	 0.568883 	 0.254480 
1.599999 	 0.455403 	 0.569896 	 0.256967 
1.609999 	 0.449699 	 0.570867 	 0.259454 
1.619999 	 0.443986 	 0.571798 	 0.261939 
1.629999 	 0.438263 	 0.572688 	 0.264422 
1.639999 	 0.432532 	 0.573537 	 0.266903 
1.649999 	 0.426793 	 0.574344 	 0.269383 
1.659999 	 0.421045 	 0.575111 	 0.271860 
1.669999 	 0.415291 	 0.575836 	 0.274334 
1.679999 	 0.409529 	 0.576520 	 0.276805 
1.689999 	 0.403760 	 0.577163 	 0.279274 
1.699999 	 0.397986 	 0.577765 	 0.281739 
1.709999 	 0.392205 	 0.578326 	 0.284200 
1.719999 	 0.386419 	 0.578845 	 0.286657 
1.729999 	 0.380628 	 0.579323 	 0.289110 
1.739999 	 0.374833 	 0.579760 	 0.291559 
1.749999 	 0.369033 	 0.580156 	 0.294003 
1.759999 	 0.363230 	 0.580511 	 0.296442 
1.769999 	 0.357423 	 0.580824 	 0.298876 
1.779999 	 0.351614 	 0.581096 	 0.301304 
1.789999 	 0.345801 	 0.581327 	 0.303727 
1.799999 	 0.339987 	 0.581517 	 0.306143 
1.809999 	 0.334171 	 0.581665 	 0.308554 
1.819999 	 0.328354 	 0.581773 	 0.310958 
1.829999 	 0.322536 	 0.581839 	 0.313355 
1.839999 	 0.316717 	 0.581865 	 0.315745 
1.849999 	 0.310899 	 0.581849 	 0.318128 
1.859999 	 0.305081 	 0.581793 	 0.320503 
1.869999 	 0.299263 	 0.581695 	 0.322871 
1.879999 	 0.293447 	 0.581557 	 0.325231 
1.889999 	 0.287632 	 0.581377 	 0.327582 
1.899999 	 0.281819 	 0.581157 	 0.329925 
1.909999 	 0.276009 	 0.580896 	 0.332260 
1.919999 	 0.270202 	 0.580595 	 0.334585 
1.929999 	 0.264397 	 0.580252 	 0.336901 
1.939999 	 0.258597 	 0.579870 	 0.339207 
1.949998 	 0.252800 	 0.579446 	 0.341504 
1.959998 	 0.247008 	 0.578983 	 0.343791 
1.969998 	 0.241221 	 0.578479 	 0.346068 
1.979998 	 0.235439 	 0.577934 	 0.348334 
1.989998 	 0.229662 	 0.577350 	 0.350589 
1.999998 	 0.223892 	 0.576725 	 0.352834 
2.009999 	 0.218128 	 0.576060 	 0.355067 
2.019999 	 0.212371 	 0.575356 	 0.357289 
2.029999 	 0.206621 	 0.574611 	 0.359499 
2.039999 	 0.200878 	 0.573827 	 0.361697 
2.049999 	 0.195144 	 0.573003 	 0.363883 
2.059999 	 0.189419 	 0.572139 	 0.366057 
2.069999 	 0.183702 	 0.571237 	 0.368218 
2.079998 	 0.177994 	 0.570294 	 0.370366 
2.089998 	 0.172296 	 0.569313 	 0.372501 
2.099998 	 0.166608 	 0.568292 	 0.374623 
2.109998 	 0.160930 	 0.567233 	 0.376732 
2.119998 	 0.155263 	 0.566134 	 0.378826 
2.129998 	 0.149608 	 0.564997 	 0.380906 
2.139998 	 0.143964 	 0.563821 	 0.382973 
2.149998 	 0.138331 	 0.562607 	 0.385024 
2.159998 	 0.132712 	 0.561355 	 0.387062 
2.169998 	 0.127104 	 0.560064 	 0.389084 
2.179998 	 0.121510 	 0.558735 	 0.391091 
2.189998 	 0.115930 	 0.557368 	 0.393082 
2.199998 	 0.110363 	 0.555963 	 0.395058 
2.209998 	 0.104811 	 0.554521 	 0.397019 
2.219998 	 0.099273 	 0.553041 	 0.398963 
2.229998 	 0.093750 	 0.551524 	 0.400891 
2.239998 	 0.088243 	 0.549970 	 0.402802 
2.249998 	 0.082751 	 0.548379 	 0.404697 
2.259998 	 0.077275 	 0.546751 	 0.406575 
2.269998 	 0.071816 	 0.545086 	 0.408436 
2.279998 	 0.066373 	 0.543384 	 0.410280 
2.289998 	 0.060948 	 0.541647 	 0.412106 
2.299998 	 0.055541 	 0.539873 	 0.413914 
2.309998 	 0.050151 	 0.538063 	 0.415705 
2.319998 	 0.044780 	 0.536217 	 0.417477 
2.329998 	 0.039427 	 0.534336 	 0.419231 
2.339998 	 0.034093 	 0.532419 	 0.420967 
2.349998 	 0.028779 	 0.530467 	 0.422683 
2.359998 	 0.023484 	 0.528480 	 0.424381 
2.369998 	 0.018209 	 0.526459 	 0.426060 
2.379998 	 0.012955 	 0.524402 	 0.427720 
2.389998 	 0.007721 	 0.522311 	 0.429360 
2.399998 	 0.002509 	 0.520186 	 0.430980 
2.409998 	 -0.002682 	 0.518026 	 0.432580 
2.419998 	 -0.007852 	 0.515833 	 0.434160 
2.429998 	 -0.012999 	 0.513606 	 0.435721 
2.439998 	 -0.018124 	 0.511346 	 0.437260 
2.449998 	 -0.023226 	 0.509053 	 0.438779 
2.459998 	 -0.028305 	 0.506726 	 0.440277 
2.469998 	 -0.033360 	 0.504367 	 0.441755 
2.479998 	 -0.038392 	 0.501975 	 0.443211 
2.489998 	 -0.043400 	 0.499551 	 0.444646 
2.499998 	 -0.048383 	 0.497095 	 0.446059 
2.509998 	 -0.053341 	 0.494606 	 0.447450 
2.519998 	 -0.058275 	 0.492087 	 0.448820 
2.529998 	 -0.063183 	 0.489536 	 0.450168 
2.539998 	 -0.068065 	 0.486953 	 0.451494 
2.549998 	 -0.072922 	 0.484340 	 0.452797 
2.559998 	 -0.077752 	 0.481696 	 0.454078 
2.569998 	 -0.082556 	 0.479022 	 0.455336 
2.579998 	 -0.087332 	 0.476317 	 0.456571 
2.589998 	 -0.092082 	 0.473583 	 0.457783 
2.599998 	 -0.096804 	 0.470819 	 0.458973 
2.609998 	 -0.101498 	 0.468025 	 0.460139 
2.619998 	 -0.106164 	 0.465203 	 0.461281 
2.629998 	 -0.110802 	 0.462351 	 0.462400 
2.639998 	 -0.115411 	 0.459471 	 0.463495 
2.649998 	 -0.119991 	 0.456562 	 0.464567 
2.659998 	 -0.124542 	 0.453625 	 0.465614 
2.669998 	 -0.129064 	 0.450660 	 0.466638 
2.679998 	 -0.133556 	 0.447668 	 0.467637 
2.689998 	 -0.138017 	 0.444649 	 0.468611 
2.699998 	 -0.142448 	 0.441602 	 0.469561 
2.709998 	 -0.146849 	 0.438529 	 0.470487 
2.719998 	 -0.151219 	 0.435429 	 0.471387 
2.729998 	 -0.155558 	 0.432303 	 0.472263 
2.739998 	 -0.159865 	 0.429151 	 0.473114 
2.749998 	 -0.164140 	 0.425973 	 0.473939 
2.759998 	 -0.168384 	 0.422770 	 0.474740 
2.769998 	 -0.172596 	 0.419542 	 0.475514 
2.779998 	 -0.176775 	 0.416289 	 0.476264 
2.789998 	 -0.180921 	 0.413012 	 0.476987 
2.799998 	 -0.185035 	 0.409710 	 0.477686 
2.809998 	 -0.189116 	 0.406384 	 0.478358 
2.819998 	 -0.193163 	 0.403035 	 0.479004 
2.829998 	 -0.197176 	 0.399663 	 0.479624 
2.839998 	 -0.201156 	 0.396267 	 0.480218 
2.849998 	 -0.205102 	 0.392849 	 0.480785 
2.859998 	 -0.209013 	 0.389409 	 0.481327 
2.869998 	 -0.212890 	 0.385946 	 0.481842 
2.879998 	 -0.216732 	 0.382461 	 0.482330 
2.889998 	 -0.220539 	 0.378955 	 0.482792 
2.899998 	 -0.224311 	 0.375428 	 0.483227 
2.909998 	 -0.228047 	 0.371880 	 0.483635 
2.919998 	 -0.231748 	 0.368312 	 0.484017 
2.929998 	 -0.235413 	 0.364723 	 0.484371 
2.939998 	 -0.239043 	 0.361114 	 0.484698 
2.949998 	 -0.242636 	 0.357485 	 0.484999 
2.959998 	 -0.246192 	 0.353838 	 0.485272 
2.969998 	 -0.249712 	 0.350171 	 0.485518 
2.979998 	 -0.253196 	 0.346485 	 0.485736 
2.989998 	 -0.256642 	 0.342782 	 0.485927 
2.999998 	 -0.260051 	 0.339060 	 0.486091 
3.009998 	 -0.263423 	 0.335320 	 0.486227 
3.019998 	 -0.266757 	 0.331563 	 0.486336 
3.029998 	 -0.270054 	 0.327789 	 0.486417 
3.039998 	 -0.273313 	 0.323999 	 0.486471 
3.049998 	 -0.276534 	 0.320192 	 0.486496 
3.059998 	 -0.279717 	 0.316369 	 0.486494 
3.069998 	 -0.282861 	 0.312530 	 0.486464 
3.079998 	 -0.285968 	 0.308676 	 0.486406 
3.089998 	 -0.289035 	 0.304806 	 0.486321 
3.099998 	 -0.292064 	 0.300922 	 0.486207 
3.109998 	 -0.295053 	 0.297024 	 0.486065 
3.119998 	 -0.298004 	 0.293111 	 0.485896 
3.129997 	 -0.300916 	 0.289185 	 0.485698 
3.139997 	 -0.303788 	 0.285245 	 0.485473 
3.149997 	 -0.306620 	 0.281292 	 0.485219 
3.159997 	 -0.309413 	 0.277327 	 0.484937 
3.169997 	 -0.312167 	 0.273349 	 0.484627 
3.179997 	 -0.314880 	 0.269359 	 0.484289 
3.189997 	 -0.317554 	 0.265357 	 0.483922 
3.199997 	 -0.320187 	 0.261344 	 0.483528 
3.209997 	 -0.322781 	 0.257320 	 0.483105 
3.219997 	 -0.325334 	 0.253285 	 0.482654 
3.229997 	 -0.327846 	 0.249241 	 0.482175 
3.239997 	 -0.330319 	 0.245185 	 0.481668 
3.249997 	 -0.332750 	 0.241121 	 0.481132 
3.259997 	 -0.335141 	 0.237047 	 0.480569 
3.269997 	 -0.337491 	 0.232964 	 0.479977 
3.279997 	 -0.339800 	 0.228872 	 0.479357 
3.289997 	 -0.342068 	 0.224772 	 0.478708 
3.299997 	 -0.344296 	 0.220665 	 0.478032 
3.309997 	 -0.346482 	 0.216549 	 0.477327 
3.319997 	 -0.348627 	 0.212427 	 0.476595 
3.329997 	 -0.350730 	 0.208297 	 0.475834 
3.339997 	 -0.352792 	 0.204161 	 0.475045 
3.349997 	 -0.354813 	 0.200019 	 0.474228 
3.359997 	 -0.356793 	 0.195871 	 0.473383 
3.369997 	 -0.358731 	 0.191717 	 0.472510 
3.379997 	 -0.360627 	 0.187559 	 0.471609 
3.389997 	 -0.362482 	 0.183395 	 0.470680 
3.399997 	 -0.364295 	 0.179227 	 0.469723 
3.409997 	 -0.366066 	 0.175055 	 0.468738 
3.419997 	 -0.367796 	 0.170879 	 0.467725 
3.429997 	 -0.369484 	 0.166700 	 0.466685 
3.439997 	 -0.371130 	 0.162518 	 0.465617 
3.449997 	 -0.372734 	 0.158333 	 0.464521 
3.459997 	 -0.374297 	 0.154145 	 0.463398 
3.469997 	 -0.375817 	 0.149956 	 0.462247 
3.479997 	 -0.377296 	 0.145765 	 0.461069 
3.489997 	 -0.378733 	 0.141572 	 0.459863 
3.499997 	 -0.380127 	 0.137379 	 0.458629 
3.509997 	 -0.381480 	 0.133185 	 0.457369 
3.519997 	 -0.382791 	 0.128990 	 0.456081 
3.529997 	 -0.384060 	 0.124796 	 0.454766 
3.539997 	 -0.385287 	 0.120602 	 0.453424 
3.549997 	 -0.386472 	 0.116409 	 0.452055 
3.559997 	 -0.387615 	 0.112217 	 0.450659 
3.569997 	 -0.388716 	 0.108026 	 0.449236 
3.579997 	 -0.389776 	 0.103838 	 0.447786 
3.589997 	 -0.390793 	 0.099651 	 0.446309 
3.599997 	 -0.391769 	 0.095467 	 0.444806 
3.609997 	 -0.392702 	 0.091285 	 0.443276 
3.619997 	 -0.393594 	 0.087107 	 0.441720 
3.629997 	 -0.394445 	 0.082932 	 0.440137 
3.639997 	 -0.395253 	 0.078761 	 0.438529 
3.649997 	 -0.396020 	 0.074595 	 0.436894 
3.659997 	 -0.396745 	 0.070432 	 0.435233 
3.669997 	 -0.397428 	 0.066275 	 0.433546 
3.679997 	 -0.398071 	 0.062123 	 0.431833 
3.689997 	 -0.398671 	 0.057976 	 0.430094 
3.699997 	 -0.399230 	 0.053835 	 0.428330 
3.709997 	 -0.399748 	 0.049701 	 0.426541 
3.719997 	 -0.400224 	 0.045573 	 0.424725 
3.729997 	 -0.400659 	 0.041451 	 0.422885 
3.739997 	 -0.401053 	 0.037337 	 0.421020 
3.749997 	 -0.401406 	 0.033231 	 0.419129 
3.759997 	 -0.401718 	 0.029132 	 0.417213 
3.769997 	 -0.401989 	 0.025041 	 0.415273 
3.779997 	 -0.402219 	 0.020959 	 0.413308 
3.789997 	 -0.402408 	 0.016886 	 0.411319 
3.799997 	 -0.402556 	 0.012822 	 0.409305 
3.809997 	 -0.402664 	 0.008768 	 0.407267 
3.819997 	 -0.402732 	 0.004723 	 0.405205 
3.829997 	 -0.402759 	 0.000689 	 0.403118 
3.839997 	 -0.402746 	 -0.003336 	 0.401008 
3.849997 	 -0.402692 	 -0.007349 	 0.398875 
3.859997 	 -0.402599 	 -0.011351 	 0.396717 
3.869997 	 -0.402465 	 -0.015342 	 0.394536 
3.879997 	 -0.402292 	 -0.019321 	 0.392332 
3.889997 	 -0.402079 	 -0.023288 	 0.390106 
3.899997 	 -0.401826 	 -0.027243 	 0.387855 
3.909997 	 -0.401534 	 -0.031185 	 0.385583 
3.919997 	 -0.401202 	 -0.035114 	 0.383287 
3.929997 	 -0.400832 	 -0.039030 	 0.380969 
3.939997 	 -0.400422 	 -0.042932 	 0.378629 
3.949997 	 -0.399973 	 -0.046820 	 0.376267 
3.959997 	 -0.399486 	 -0.050694 	 0.373883 
3.969997 	 -0.398959 	 -0.054554 	 0.371477 
3.979997 	 -0.398395 	 -0.058398 	 0.369049 
3.989997 	 -0.397791 	 -0.062228 	 0.366600 
3.999997 	 -0.397150 	 -0.066042 	 0.364129 
4.009997 	 -0.396471 	 -0.069841 	 0.361637 
4.019997 	 -0.395753 	 -0.073623 	 0.359125 
4.029997 	 -0.394998 	 -0.077390 	 0.356592 
4.039998 	 -0.394205 	 -0.081139 	 0.354038 
4.049998 	 -0.393375 	 -0.084872 	 0.351463 
4.059998 	 -0.392508 	 -0.088588 	 0.348869 
4.069998 	 -0.391604 	 -0.092286 	 0.346254 
4.079998 	 -0.390662 	 -0.095966 	 0.343620 
4.089999 	 -0.389684 	 -0.099629 	 0.340966 
4.099999 	 -0.388670 	 -0.103273 	 0.338293 
4.109999 	 -0.387619 	 -0.106898 	 0.335600 
4.119999 	 -0.386532 	 -0.110505 	 0.332889 
4.130000 	 -0.385409 	 -0.114093 	 0.330158 
4.140000 	 -0.384250 	 -0.117661 	 0.327409 
4.150000 	 -0.383056 	 -0.121209 	 0.324641 
4.160000 	 -0.381826 	 -0.124738 	 0.321856 
4.170001 	 -0.380561 	 -0.128246 	 0.319052 
4.180001 	 -0.379261 	 -0.131734 	 0.316230 
4.190001 	 -0.377926 	 -0.135201 	 0.313391 
4.200001 	 -0.376557 	 -0.138647 	 0.310534 
4.210001 	 -0.375153 	 -0.142072 	 0.307660 
4.220002 	 -0.373716 	 -0.145476 	 0.304770 
4.230002 	 -0.372244 	 -0.148857 	 0.301862 
4.240002 	 -0.370738 	 -0.152217 	 0.298938 
4.250002 	 -0.369199 	 -0.155554 	 0.295998 
4.260003 	 -0.367627 	 -0.158869 	 0.293041 
4.270003 	 -0.366022 	 -0.162161 	 0.290069 
4.280003 	 -0.364384 	 -0.165430 	 0.287080 
4.290003 	 -0.362713 	 -0.168676 	 0.284077 
4.300004 	 -0.361010 	 -0.171898 	 0.281058 
4.310004 	 -0.359276 	 -0.175096 	 0.278024 
4.320004 	 -0.357509 	 -0.178271 	 0.274976 
4.330004 	 -0.355710 	 -0.181421 	 0.271913 
4.340004 	 -0.353880 	 -0.184547 	 0.268835 
4.350005 	 -0.352019 	 -0.187648 	 0.265744 
4.360005 	 -0.350127 	 -0.190725 	 0.262639 
4.370005 	 -0.348204 	 -0.193776 	 0.259520 
4.380005 	 -0.346252 	 -0.196802 	 0.256388 
4.390006 	 -0.344269 	 -0.199802 	 0.253242 
4.400006 	 -0.342255 	 -0.202777 	 0.250084 
4.410006 	 -0.340213 	 -0.205726 	 0.246913 
4.420006 	 -0.338141 	 -0.208649 	 0.243730 
4.430007 	 -0.336040 	 -0.211545 	 0.240534 
4.440007 	 -0.333910 	 -0.214414 	 0.237327 
4.450007 	 -0.331752 	 -0.217257 	 0.234108 
4.460007 	 -0.329565 	 -0.220073 	 0.230878 
4.470007 	 -0.327350 	 -0.222862 	 0.227636 
4.480008 	 -0.325108 	 -0.225623 	 0.224383 
4.490008 	 -0.322838 	 -0.228357 	 0.221120 
4.500008 	 -0.320541 	 -0.231063 	 0.217846 
4.510008 	 -0.318216 	 -0.233741 	 0.214562 
4.520009 	 -0.315866 	 -0.236391 	 0.211268 
4.530009 	 -0.313489 	 -0.239012 	 0.207965 
4.540009 	 -0.311086 	 -0.241605 	 0.204652 
4.550009 	 -0.308657 	 -0.244169 	 0.201330 
4.560009 	 -0.306202 	 -0.246705 	 0.197998 
4.570010 	 -0.303722 	 -0.249212 	 0.194659 
4.580010 	 -0.301218 	 -0.251689 	 0.191310 
4.590010 	 -0.298689 	 -0.254137 	 0.187954 
4.600010 	 -0.296135 	 -0.256555 	 0.184589 
4.610011 	 -0.293558 	 -0.258944 	 0.181218 
4.620011 	 -0.290956 	 -0.261303 	 0.177838 
4.630011 	 -0.288331 	 -0.263632 	 0.174452 
4.640011 	 -0.285684 	 -0.265931 	 0.171058 
4.650012 	 -0.283013 	 -0.268200 	 0.167658 
4.660012 	 -0.280319 	 -0.270438 	 0.164252 
4.670012 	 -0.277604 	 -0.272645 	 0.160840 
4.680012 	 -0.274867 	 -0.274822 	 0.157422 
4.690012 	 -0.272107 	 -0.276968 	 0.153998 
4.700013 	 -0.269328 	 -0.279083 	 0.150569 
4.710013 	 -0.266526 	 -0.281167 	 0.147134 
4.720013 	 -0.263704 	 -0.283220 	 0.143696 
4.730013 	 -0.260862 	 -0.285241 	 0.140252 
4.740014 	 -0.257999 	 -0.287231 	 0.136805 
4.750014 	 -0.255116 	 -0.289189 	 0.133353 
4.760014 	 -0.252215 	 -0.291116 	 0.129898 
4.770014 	 -0.249294 	 -0.293011 	 0.126439 
4.780015 	 -0.246355 	 -0.294874 	 0.122977 
4.790015 	 -0.243397 	 -0.296704 	 0.119513 
4.800015 	 -0.240421 	 -0.298502 	 0.116045 
4.810015 	 -0.237427 	 -0.300269 	 0.112575 
4.820015 	 -0.234415 	 -0.302003 	 0.109104 
4.830016 	 -0.231387 	 -0.303704 	 0.105630 
4.840016 	 -0.228341 	 -0.305373 	 0.102155 
4.850016 	 -0.225280 	 -0.307009 	 0.098678 
4.860016 	 -0.222201 	 -0.308613 	 0.095200 
4.870017 	 -0.219107 	 -0.310183 	 0.091722 
4.880017 	 -0.215998 	 -0.311721 	 0.088243 
4.890017 	 -0.212873 	 -0.313225 	 0.084764 
4.900017 	 -0.209733 	 -0.314698 	 0.081286 
4.910017 	 -0.206578 	 -0.316136 	 0.077807 
4.920018 	 -0.203411 	 -0.317541 	 0.074329 
4.930018 	 -0.200228 	 -0.318913 	 0.070852 
4.940018 	 -0.197032 	 -0.320252 	 0.067376 
4.950018 	 -0.193823 	 -0.321557 	 0.063901 
4.960019 	 -0.190601 	 -0.322829 	 0.060428 
4.970019 	 -0.187366 	 -0.324067 	 0.056957 
4.980019 	 -0.184120 	 -0.325272 	 0.053488 
4.990019 	 -0.180861 	 -0.326444 	 0.050022 
5.000020 	 -0.177590 	 -0.327581 	 0.046558 
5.010020 	 -0.174309 	 -0.328685 	 0.043098 
5.020020 	 -0.171016 	 -0.329755 	 0.039641 
5.030020 	 -0.167714 	 -0.330792 	 0.036187 
5.040020 	 -0.164401 	 -0.331794 	 0.032737 
5.050021 	 -0.161078 	 -0.332763 	 0.029291 
5.060021 	 -0.157745 	 -0.333698 	 0.025849 
5.070021 	 -0.154404 	 -0.334599 	 0.022412 
5.080021 	 -0.151053 	 -0.335466 	 0.018981 
5.090022 	 -0.147694 	 -0.336299 	 0.015554 
5.100022 	 -0.144327 	 -0.337099 	 0.012132 
5.110022 	 -0.140952 	 -0.337864 	 0.008717 
5.120022 	 -0.137570 	 -0.338595 	 0.005307 
5.130023 	 -0.134181 	 -0.339293 	 0.001903 
5.140023 	 -0.130784 	 -0.339956 	 -0.001494 
5.150023 	 -0.127381 	 -0.340586 	 -0.004884 
5.160023 	 -0.123973 	 -0.341181 	 -0.008268 
5.170023 	 -0.120557 	 -0.341743 	 -0.011644 
5.180024 	 -0.117137 	 -0.342271 	 -0.015013 
5.190024 	 -0.113712 	 -0.342764 	 -0.018373 
5.200024 	 -0.110282 	 -0.343224 	 -0.021727 
5.210024 	 -0.106848 	 -0.343650 	 -0.025071 
5.220025 	 -0.103409 	 -0.344042 	 -0.028407 
5.230025 	 -0.099967 	 -0.344400 	 -0.031734 
5.240025 	 -0.096521 	 -0.344724 	 -0.035053 
5.250025 	 -0.093073 	 -0.345015 	 -0.038361 
5.260026 	 -0.089620 	 -0.345271 	 -0.041661 
5.270026 	 -0.086167 	 -0.345494 	 -0.044950 
5.280026 	 -0.082711 	 -0.345684 	 -0.048229 
5.290026 	 -0.079253 	 -0.345839 	 -0.051499 
5.300026 	 -0.075794 	 -0.345961 	 -0.054756 
5.310027 	 -0.072334 	 -0.346050 	 -0.058004 
5.320027 	 -0.068873 	 -0.346104 	 -0.061241 
5.330027 	 -0.065412 	 -0.346126 	 -0.064466 
5.340027 	 -0.061950 	 -0.346114 	 -0.067680 
5.350028 	 -0.058489 	 -0.346068 	 -0.070881 
5.360028 	 -0.055029 	 -0.345990 	 -0.074071 
5.370028 	 -0.051570 	 -0.345878 	 -0.077249 
5.380028 	 -0.048112 	 -0.345733 	 -0.080413 
5.390028 	 -0.044655 	 -0.345555 	 -0.083566 
5.400029 	 -0.041200 	 -0.345344 	 -0.086704 
5.410029 	 -0.037748 	 -0.345100 	 -0.089830 
5.420029 	 -0.034298 	 -0.344823 	 -0.092942 
5.430029 	 -0.030851 	 -0.344514 	 -0.096041 
5.440030 	 -0.027408 	 -0.344171 	 -0.099125 
5.450030 	 -0.023968 	 -0.343797 	 -0.102196 
5.460030 	 -0.020532 	 -0.343389 	 -0.105251 
5.470030 	 -0.017100 	 -0.342950 	 -0.108292 
5.480031 	 -0.013673 	 -0.342478 	 -0.111318 
5.490031 	 -0.010251 	 -0.341973 	 -0.114329 
5.500031 	 -0.006833 	 -0.341436 	 -0.117324 
5.510031 	 -0.003421 	 -0.340868 	 -0.120304 
5.520031 	 -0.000016 	 -0.340268 	 -0.123269 
5.530032 	 0.003384 	 -0.339635 	 -0.126217 
5.540032 	 0.006777 	 -0.338972 	 -0.129149 
5.550032 	 0.010163 	 -0.338276 	 -0.132064 
5.560032 	 0.013542 	 -0.337550 	 -0.134963 
5.570033 	 0.016914 	 -0.336792 	 -0.137844 
5.580033 	 0.020278 	 -0.336002 	 -0.140709 
5.590033 	 0.023635 	 -0.335182 	 -0.143555 
5.600033 	 0.026982 	 -0.334330 	 -0.146385 
5.610034 	 0.030321 	 -0.333448 	 -0.149196 
5.620034 	 0.033651 	 -0.332535 	 -0.151990 
5.630034 	 0.036971 	 -0.331591 	 -0.154765 
5.640034 	 0.040283 	 -0.330617 	 -0.157522 
5.650034 	 0.043584 	 -0.329614 	 -0.160260 
5.660035 	 0.046875 	 -0.328579 	 -0.162981 
5.670035 	 0.050156 	 -0.327515 	 -0.165681 
5.680035 	 0.053425 	 -0.326420 	 -0.168362 
5.690035 	 0.056684 	 -0.325296 	 -0.171023 
5.700036 	 0.059932 	 -0.324144 	 -0.173665 
5.710036 	 0.063167 	 -0.322961 	 -0.176288 
5.720036 	 0.066390 	 -0.321750 	 -0.178890 
5.730036 	 0.069603 	 -0.320508 	 -0.181472 
5.740036 	 0.072800 	 -0.319238 	 -0.184033 
5.750037 	 0.075987 	 -0.317940 	 -0.186574 
5.760037 	 0.079159 	 -0.316613 	 -0.189094 
5.770037 	 0.082319 	 -0.315258 	 -0.191594 
5.780037 	 0.085466 	 -0.313873 	 -0.194071 
5.790038 	 0.088597 	 -0.312462 	 -0.196528 
5.800038 	 0.091714 	 -0.311022 	 -0.198963 
5.810038 	 0.094818 	 -0.309556 	 -0.201376 
5.820038 	 0.097906 	 -0.308061 	 -0.203768 
5.830039 	 0.100979 	 -0.306538 	 -0.206137 
5.840039 	 0.104035 	 -0.304989 	 -0.208484 
5.850039 	 0.107079 	 -0.303413 	 -0.210808 
5.860039 	 0.110104 	 -0.301811 	 -0.213111 
5.870039 	 0.113115 	 -0.300180 	 -0.215390 
5.880040 	 0.116107 	 -0.298525 	 -0.217647 
5.890040 	 0.119084 	 -0.296843 	 -0.219881 
5.900040 	 0.122045 	 -0.295135 	 -0.222090 
5.910040 	 0.124988 	 -0.293402 	 -0.224277 
5.920041 	 0.127915 	 -0.291643 	 -0.226440 
5.930041 	 0.130822 	 -0.289858 	 -0.228580 
5.940041 	 0.133711 	 -0.288048 	 -0.230696 
5.950041 	 0.136582 	 -0.286214 	 -0.232788 
5.960042 	 0.139435 	 -0.284354 	 -0.234855 
5.970042 	 0.142269 	 -0.282471 	 -0.236898 
5.980042 	 0.145085 	 -0.280564 	 -0.238917 
5.990042 	 0.147881 	 -0.278631 	 -0.240913 
6.000042 	 0.150657 	 -0.276676 	 -0.242881 
6.010043 	 0.153415 	 -0.274695 	 -0.244826 
6.020043 	 0.156150 	 -0.272693 	 -0.246746 
6.030043 	 0.158868 	 -0.270667 	 -0.248641 
6.040043 	 0.161565 	 -0.268619 	 -0.250510 
6.050044 	 0.164240 	 -0.266547 	 -0.252354 
6.060044 	 0.166895 	 -0.264452 	 -0.254172 
6.070044 	 0.169529 	 -0.262336 	 -0.255965 
6.080044 	 0.172142 	 -0.260197 	 -0.257733 
6.090044 	 0.174733 	 -0.258037 	 -0.259474 
6.100045 	 0.177302 	 -0.255855 	 -0.261190 
6.110045 	 0.179850 	 -0.253651 	 -0.262878 
6.120045 	 0.182374 	 -0.251428 	 -0.264542 
6.130045 	 0.184879 	 -0.249182 	 -0.266178 
6.140046 	 0.187360 	 -0.246917 	 -0.267788 
6.150046 	 0.189817 	 -0.244630 	 -0.269372 
6.160046 	 0.192252 	 -0.242325 	 -0.270929 
6.170046 	 0.194665 	 -0.240000 	 -0.272459 
6.180047 	 0.197052 	 -0.237654 	 -0.273963 
6.190047 	 0.199419 	 -0.235290 	 -0.275438 
6.200047 	 0.201757 	 -0.232906 	 -0.276889 
6.210047 	 0.204075 	 -0.230503 	 -0.278312 
6.220047 	 0.206369 	 -0.228081 	 -0.279706 
6.230048 	 0.208637 	 -0.225642 	 -0.281074 
6.240048 	 0.210881 	 -0.223184 	 -0.282414 
6.250048 	 0.213100 	 -0.220709 	 -0.283727 
6.260048 	 0.215295 	 -0.218216 	 -0.285013 
6.270049 	 0.217465 	 -0.215706 	 -0.286270 
6.280049 	 0.219610 	 -0.213178 	 -0.287500 
6.290049 	 0.221729 	 -0.210635 	 -0.288703 
6.300049 	 0.223822 	 -0.208075 	 -0.289878 
6.310050 	 0.225891 	 -0.205498 	 -0.291023 
6.320050 	 0.227931 	 -0.202905 	 -0.292142 
6.330050 	 0.229948 	 -0.200297 	 -0.293232 
6.340050 	 0.231938 	 -0.197672 	 -0.294295 
6.350050 	 0.233902 	 -0.195035 	 -0.295330 
6.360051 	 0.235838 	 -0.192381 	 -0.296336 
6.370051 	 0.237748 	 -0.189712 	 -0.297313 
6.380051 	 0.239631 	 -0.187030 	 -0.298264 
6.390051 	 0.241490 	 -0.184333 	 -0.299183 
6.400052 	 0.243318 	 -0.181623 	 -0.300077 
6.410052 	 0.245122 	 -0.178899 	 -0.300941 
6.420052 	 0.246896 	 -0.176163 	 -0.301778 
6.430052 	 0.248646 	 -0.173413 	 -0.302584 
6.440053 	 0.250368 	 -0.170650 	 -0.303362 
6.450053 	 0.252058 	 -0.167875 	 -0.304113 
6.460053 	 0.253725 	 -0.165089 	 -0.304833 
6.470053 	 0.255360 	 -0.162290 	 -0.305527 
6.480053 	 0.256967 	 -0.159481 	 -0.306192 
6.490054 	 0.258551 	 -0.156659 	 -0.306827 
6.500054 	 0.260105 	 -0.153826 	 -0.307432 
6.510054 	 0.261630 	 -0.150983 	 -0.308012 
6.520054 	 0.263122 	 -0.148130 	 -0.308562 
6.530055 	 0.264589 	 -0.145265 	 -0.309080 
6.540055 	 0.266029 	 -0.142392 	 -0.309573 
6.550055 	 0.267436 	 -0.139510 	 -0.310036 
6.560055 	 0.268818 	 -0.136618 	 -0.310470 
6.570055 	 0.270171 	 -0.133717 	 -0.310875 
6.580056 	 0.271494 	 -0.130807 	 -0.311251 
6.590056 	 0.272784 	 -0.127889 	 -0.311598 
6.600056 	 0.274051 	 -0.124964 	 -0.311917 
6.610056 	 0.275286 	 -0.122030 	 -0.312208 
6.620057 	 0.276490 	 -0.119087 	 -0.312468 
6.630057 	 0.277667 	 -0.116139 	 -0.312701 
6.640057 	 0.278812 	 -0.113186 	 -0.312906 
6.650057 	 0.279932 	 -0.110222 	 -0.313079 
6.660058 	 0.281018 	 -0.107255 	 -0.313227 
6.670058 	 0.282076 	 -0.104280 	 -0.313345 
6.680058 	 0.283105 	 -0.101301 	 -0.313432 
6.690058 	 0.284101 	 -0.098314 	 -0.313493 
6.700058 	 0.285070 	 -0.095326 	 -0.313525 
6.710059 	 0.286010 	 -0.092330 	 -0.313529 
6.720059 	 0.286916 	 -0.089330 	 -0.313503 
6.730059 	 0.287796 	 -0.086325 	 -0.313446 
6.740059 	 0.288643 	 -0.083318 	 -0.313366 
6.750060 	 0.289458 	 -0.080305 	 -0.313256 
6.760060 	 0.290250 	 -0.077291 	 -0.313116 
6.770060 	 0.291008 	 -0.074270 	 -0.312948 
6.780060 	 0.291736 	 -0.071251 	 -0.312754 
6.790061 	 0.292434 	 -0.068226 	 -0.312529 
6.800061 	 0.293098 	 -0.065201 	 -0.312276 
6.810061 	 0.293736 	 -0.062173 	 -0.311995 
6.820061 	 0.294344 	 -0.059143 	 -0.311687 
6.830061 	 0.294921 	 -0.056113 	 -0.311351 
6.840062 	 0.295464 	 -0.053081 	 -0.310987 
6.850062 	 0.295978 	 -0.050048 	 -0.310594 
6.860062 	 0.296465 	 -0.047015 	 -0.310173 
6.870062 	 0.296924 	 -0.043981 	 -0.309724 
6.880063 	 0.297347 	 -0.040948 	 -0.309248 
6.890063 	 0.297739 	 -0.037915 	 -0.308745 
6.900063 	 0.298103 	 -0.034882 	 -0.308215 
6.910063 	 0.298439 	 -0.031851 	 -0.307657 
6.920063 	 0.298741 	 -0.028822 	 -0.307071 
6.930064 	 0.299011 	 -0.025792 	 -0.306457 
6.940064 	 0.299255 	 -0.022768 	 -0.305819 
6.950064 	 0.299468 	 -0.019742 	 -0.305151 
6.960064 	 0.299653 	 -0.016722 	 -0.304457 
6.970065 	 0.299805 	 -0.013702 	 -0.303736 
6.980065 	 0.299926 	 -0.010686 	 -0.302987 
6.990065 	 0.300018 	 -0.007673 	 -0.302213 
7.000065 	 0.300080 	 -0.004662 	 -0.301410 
7.010066 	 0.300111 	 -0.001658 	 -0.300585 
7.020066 	 0.300110 	 0.001344 	 -0.299732 
7.030066 	 0.300083 	 0.004343 	 -0.298850 
7.040066 	 0.300029 	 0.007331 	 -0.297943 
7.050066 	 0.299938 	 0.010321 	 -0.297010 
7.060067 	 0.299823 	 0.013304 	 -0.296051 
7.070067 	 0.299675 	 0.016277 	 -0.295067 
7.080067 	 0.299493 	 0.019249 	 -0.294055 
7.090067 	 0.299286 	 0.022215 	 -0.293022 
7.100068 	 0.299048 	 0.025175 	 -0.291958 
7.110068 	 0.298783 	 0.028126 	 -0.290871 
7.120068 	 0.298486 	 0.031073 	 -0.289759 
7.130068 	 0.298164 	 0.034008 	 -0.288623 
7.140069 	 0.297808 	 0.036940 	 -0.287460 
7.150069 	 0.297422 	 0.039863 	 -0.286275 
7.160069 	 0.297008 	 0.042776 	 -0.285062 
7.170069 	 0.296568 	 0.045683 	 -0.283825 
7.180069 	 0.296098 	 0.048580 	 -0.282564 
7.190070 	 0.295597 	 0.051470 	 -0.281279 
7.200070 	 0.295066 	 0.054344 	 -0.279970 
7.210070 	 0.294512 	 0.057216 	 -0.278636 
7.220070 	 0.293922 	 0.060079 	 -0.277279 
7.230071 	 0.293309 	 0.062932 	 -0.275899 
7.240071 	 0.292663 	 0.065773 	 -0.274494 
7.250071 	 0.291992 	 0.068601 	 -0.273067 
7.260071 	 0.291291 	 0.071422 	 -0.271617 
7.270072 	 0.290560 	 0.074231 	 -0.270143 
7.280072 	 0.289805 	 0.077030 	 -0.268647 
7.290072 	 0.289022 	 0.079813 	 -0.267127 
7.300072 	 0.288214 	 0.082590 	 -0.265585 
7.310072 	 0.287369 	 0.085358 	 -0.264018 
7.320073 	 0.286501 	 0.088102 	 -0.262432 
7.330073 	 0.285613 	 0.090844 	 -0.260821 
7.340073 	 0.284688 	 0.093565 	 -0.259191 
7.350073 	 0.283743 	 0.096279 	 -0.257536 
7.360074 	 0.282760 	 0.098983 	 -0.255867 
7.370074 	 0.281758 	 0.101672 	 -0.254168 
7.380074 	 0.280731 	 0.104339 	 -0.252453 
7.390074 	 0.279673 	 0.107000 	 -0.250716 
7.400074 	 0.278590 	 0.109645 	 -0.248955 
7.410075 	 0.277476 	 0.112275 	 -0.247177 
7.420075 	 0.276343 	 0.114892 	 -0.245375 
7.430075 	 0.275184 	 0.117489 	 -0.243554 
7.440075 	 0.273993 	 0.120081 	 -0.241713 
7.450076 	 0.272783 	 0.122646 	 -0.239852 
7.460076 	 0.271539 	 0.125204 	 -0.237973 
7.470076 	 0.270273 	 0.127747 	 -0.236070 
7.480076 	 0.268982 	 0.130268 	 -0.234155 
7.490077 	 0.267673 	 0.132781 	 -0.232216 
7.500077 	 0.266333 	 0.135270 	 -0.230256 
7.510077 	 0.264964 	 0.137739 	 -0.228284 
7.520077 	 0.263575 	 0.140203 	 -0.226287 
7.530077 	 0.262166 	 0.142640 	 -0.224275 
7.540078 	 0.260720 	 0.145066 	 -0.222240 
7.550078 	 0.259256 	 0.147468 	 -0.220194 
7.560078 	 0.257771 	 0.149855 	 -0.218130 
7.570078 	 0.256264 	 0.152226 	 -0.216040 
7.580079 	 0.254728 	 0.154577 	 -0.213942 
7.590079 	 0.253171 	 0.156915 	 -0.211822 
7.600079 	 0.251588 	 0.159230 	 -0.209688 
7.610079 	 0.249986 	 0.161534 	 -0.207534 
7.620080 	 0.248360 	 0.163805 	 -0.205367 
7.630080 	 0.246715 	 0.166067 	 -0.203182 
7.640080 	 0.245040 	 0.168307 	 -0.200977 
7.650080 	 0.243343 	 0.170525 	 -0.198761 
7.660080 	 0.241629 	 0.172733 	 -0.196524 
7.670081 	 0.239889 	 0.174907 	 -0.194281 
7.680081 	 0.238129 	 0.177067 	 -0.192018 
7.690081 	 0.236348 	 0.179210 	 -0.189736 
7.700081 	 0.234543 	 0.181332 	 -0.187448 
7.710082 	 0.232722 	 0.183431 	 -0.185139 
7.720082 	 0.230876 	 0.185507 	 -0.182817 
7.730082 	 0.229015 	 0.187566 	 -0.180479 
7.740082 	 0.227125 	 0.189600 	 -0.178132 
7.750082 	 0.225218 	 0.191618 	 -0.175770 
7.760083 	 0.223292 	 0.193610 	 -0.173392 
7.770083 	 0.221343 	 0.195587 	 -0.171002 
7.780083 	 0.219378 	 0.197537 	 -0.168606 
7.790083 	 0.217392 	 0.199473 	 -0.166185 
7.800084 	 0.215388 	 0.201372 	 -0.163754 
7.810084 	 0.213368 	 0.203260 	 -0.161318 
7.820084 	 0.211330 	 0.205118 	 -0.158867 
7.830084 	 0.209269 	 0.206958 	 -0.156401 
7.840085 	 0.207190 	 0.208779 	 -0.153926 
7.850085 	 0.205096 	 0.210569 	 -0.151443 
7.860085 	 0.202974 	 0.212341 	 -0.148947 
7.870085 	 0.200838 	 0.214093 	 -0.146438 
7.880085 	 0.198688 	 0.215809 	 -0.143925 
7.890086 	 0.196530 	 0.217519 	 -0.141392 
7.900086 	 0.194342 	 0.219189 	 -0.138850 
7.910086 	 0.192142 	 0.220844 	 -0.136304 
7.920086 	 0.189928 	 0.222477 	 -0.133748 
7.930087 	 0.187691 	 0.224083 	 -0.131177 
7.940087 	 0.185445 	 0.225665 	 -0.128598 
7.950087 	 0.183183 	 0.227223 	 -0.126023 
7.960087 	 0.180897 	 0.228761 	 -0.123421 
7.970088 	 0.178603 	 0.230265 	 -0.120823 
7.980088 	 0.176296 	 0.231755 	 -0.118215 
7.990088 	 0.173972 	 0.233214 	 -0.115591 
8.000088 	 0.171627 	 0.234643 	 -0.112972 
8.010088 	 0.169274 	 0.236066 	 -0.110340 
8.020088 	 0.166909 	 0.237444 	 -0.107694 
8.030088 	 0.164534 	 0.238809 	 -0.105052 
8.040089 	 0.162132 	 0.240138 	 -0.102394 
8.050089 	 0.159730 	 0.241449 	 -0.099739 
8.060089 	 0.157306 	 0.242740 	 -0.097071 
8.070089 	 0.154868 	 0.243997 	 -0.094404 
8.080090 	 0.152434 	 0.245229 	 -0.091729 
8.090090 	 0.149967 	 0.246436 	 -0.089045 
8.100090 	 0.147498 	 0.247617 	 -0.086356 
8.110090 	 0.145023 	 0.248775 	 -0.083665 
8.120090 	 0.142524 	 0.249905 	 -0.080969 
8.130091 	 0.140020 	 0.251010 	 -0.078270 
8.140091 	 0.137489 	 0.252087 	 -0.075570 
8.150091 	 0.134980 	 0.253138 	 -0.072854 
8.160091 	 0.132432 	 0.254168 	 -0.070144 
8.170092 	 0.129891 	 0.255170 	 -0.067428 
8.180092 	 0.127329 	 0.256143 	 -0.064711 
8.190092 	 0.124762 	 0.257087 	 -0.061982 
8.200092 	 0.122192 	 0.258004 	 -0.059267 
8.210093 	 0.119609 	 0.258908 	 -0.056536 
8.220093 	 0.117016 	 0.259776 	 -0.053809 
8.230093 	 0.114406 	 0.260606 	 -0.051080 
8.240093 	 0.111806 	 0.261423 	 -0.048348 
8.250093 	 0.109188 	 0.262206 	 -0.045618 
8.260094 	 0.106550 	 0.262975 	 -0.042879 
8.270094 	 0.103927 	 0.263701 	 -0.040153 
8.280094 	 0.101284 	 0.264421 	 -0.037418 
8.290094 	 0.098636 	 0.265096 	 -0.034682 
8.300095 	 0.095971 	 0.265743 	 -0.031947 
8.310095 	 0.093331 	 0.266366 	 -0.029207 
8.320095 	 0.090649 	 0.266967 	 -0.026477 
8.330095 	 0.087983 	 0.267545 	 -0.023737 
8.340096 	 0.085294 	 0.268089 	 -0.021012 
8.350096 	 0.082617 	 0.268609 	 -0.018287 
8.360096 	 0.079927 	 0.269098 	 -0.015557 
8.370096 	 0.077235 	 0.269571 	 -0.012828 
8.380096 	 0.074532 	 0.270000 	 -0.010105 
8.390097 	 0.071835 	 0.270404 	 -0.007382 
8.400097 	 0.069134 	 0.270786 	 -0.004657 
8.410097 	 0.066428 	 0.271146 	 -0.001929 
8.420097 	 0.063714 	 0.271481 	 0.000774 
8.430098 	 0.060990 	 0.271783 	 0.003478 
8.440098 	 0.058270 	 0.272062 	 0.006193 
8.450098 	 0.055559 	 0.272294 	 0.008893 
8.460098 	 0.052826 	 0.272517 	 0.011606 
8.470098 	 0.050110 	 0.272699 	 0.014302 
8.480099 	 0.047359 	 0.272880 	 0.016979 
8.490099 	 0.044645 	 0.273012 	 0.019677 
8.500099 	 0.041912 	 0.273134 	 0.022348 
8.510099 	 0.039186 	 0.273226 	 0.025024 
8.520100 	 0.036439 	 0.273261 	 0.027694 
8.530100 	 0.033714 	 0.273305 	 0.030363 
8.540100 	 0.030984 	 0.273296 	 0.033018 
8.550100 	 0.028258 	 0.273273 	 0.035675 
8.560101 	 0.025517 	 0.273236 	 0.038331 
8.570101 	 0.022786 	 0.273145 	 0.040957 
8.580101 	 0.020057 	 0.273049 	 0.043583 
8.590101 	 0.017316 	 0.272912 	 0.046214 
8.600101 	 0.014596 	 0.272757 	 0.048836 
8.610102 	 0.011866 	 0.272555 	 0.051445 
8.620102 	 0.009141 	 0.272354 	 0.054044 
8.630102 	 0.006411 	 0.272121 	 0.056635 
8.640102 	 0.003703 	 0.271858 	 0.059222 
8.650103 	 0.000983 	 0.271576 	 0.061808 
8.660103 	 -0.001727 	 0.271246 	 0.064375 
8.670103 	 -0.004452 	 0.270901 	 0.066936 
8.680103 	 -0.007158 	 0.270531 	 0.069479 
8.690104 	 -0.009848 	 0.270138 	 0.072006 
8.700104 	 -0.012564 	 0.269718 	 0.074557 
8.710104 	 -0.015248 	 0.269257 	 0.077067 
8.720104 	 -0.017947 	 0.268797 	 0.079584 
8.730104 	 -0.020619 	 0.268287 	 0.082082 
8.740105 	 -0.023315 	 0.267770 	 0.084577 
8.750105 	 -0.025972 	 0.267202 	 0.087060 
8.760105 	 -0.028644 	 0.266623 	 0.089516 
8.770105 	 -0.031315 	 0.266035 	 0.091979 
8.780106 	 -0.033961 	 0.265404 	 0.094416 
8.790106 	 -0.036617 	 0.264748 	 0.096867 
8.800106 	 -0.039274 	 0.264063 	 0.099269 
8.810106 	 -0.041902 	 0.263364 	 0.101684 
8.820107 	 -0.044515 	 0.262645 	 0.104089 
8.830107 	 -0.047156 	 0.261877 	 0.106458 
8.840107 	 -0.049769 	 0.261104 	 0.108834 
8.850107 	 -0.052383 	 0.260300 	 0.111196 
8.860107 	 -0.054976 	 0.259460 	 0.113542 
8.870108 	 -0.057552 	 0.258602 	 0.115861 
8.880108 	 -0.060150 	 0.257723 	 0.118188 
8.890108 	 -0.062731 	 0.256829 	 0.120500 
8.900108 	 -0.065268 	 0.255897 	 0.122797 
8.910109 	 -0.067832 	 0.254938 	 0.125064 
8.920109 	 -0.070371 	 0.253959 	 0.127313 
8.930109 	 -0.072908 	 0.252967 	 0.129575 
8.940109 	 -0.075436 	 0.251935 	 0.131808 
8.950109 	 -0.077942 	 0.250887 	 0.134023 
8.960110 	 -0.080441 	 0.249807 	 0.136221 
8.970110 	 -0.082945 	 0.248732 	 0.138406 
8.980110 	 -0.085442 	 0.247595 	 0.140580 
8.990110 	 -0.087908 	 0.246467 	 0.142724 
9.000111 	 -0.090356 	 0.245284 	 0.144879 
9.010111 	 -0.092804 	 0.244109 	 0.146993 
9.020111 	 -0.095248 	 0.242893 	 0.149089 
9.030111 	 -0.097668 	 0.241676 	 0.151183 
9.040112 	 -0.100078 	 0.240405 	 0.153260 
9.050112 	 -0.102478 	 0.239134 	 0.155334 
9.060112 	 -0.104847 	 0.237835 	 0.157353 
9.070112 	 -0.107237 	 0.236511 	 0.159402 
9.080112 	 -0.109568 	 0.235176 	 0.161388 
9.090113 	 -0.111944 	 0.233793 	 0.163371 
9.100113 	 -0.114261 	 0.232397 	 0.165354 
9.110113 	 -0.116592 	 0.231009 	 0.167304 
9.120113 	 -0.118895 	 0.229557 	 0.169228 
9.130114 	 -0.121185 	 0.228118 	 0.171166 
9.140114 	 -0.123439 	 0.226645 	 0.173029 
9.150114 	 -0.125719 	 0.225159 	 0.174921 
9.160114 	 -0.127942 	 0.223648 	 0.176761 
9.170115 	 -0.130180 	 0.222100 	 0.178613 
9.180115 	 -0.132380 	 0.220574 	 0.180450 
9.190115 	 -0.134586 	 0.218989 	 0.182242 
9.200115 	 -0.136770 	 0.217395 	 0.184041 
9.210115 	 -0.138947 	 0.215777 	 0.185818 
9.220116 	 -0.141091 	 0.214139 	 0.187528 
9.230116 	 -0.143216 	 0.212494 	 0.189250 
9.240116 	 -0.145346 	 0.210802 	 0.190962 
9.250116 	 -0.147431 	 0.209135 	 0.192665 
9.260117 	 -0.149531 	 0.207414 	 0.194334 
9.270117 	 -0.151582 	 0.205694 	 0.195956 
9.280117 	 -0.153625 	 0.203946 	 0.197600 
9.290117 	 -0.155670 	 0.202177 	 0.199178 
9.300117 	 -0.157666 	 0.200402 	 0.200786 
9.310118 	 -0.159670 	 0.198587 	 0.202320 
9.320118 	 -0.161634 	 0.196771 	 0.203885 
9.330118 	 -0.163614 	 0.194956 	 0.205377 
9.340118 	 -0.165562 	 0.193097 	 0.206909 
9.350119 	 -0.167450 	 0.191207 	 0.208385 
9.360119 	 -0.169371 	 0.189340 	 0.209822 
9.370119 	 -0.171238 	 0.187411 	 0.211264 
9.380119 	 -0.173104 	 0.185498 	 0.212680 
9.390120 	 -0.174956 	 0.183547 	 0.214066 
9.400120 	 -0.176792 	 0.181630 	 0.215432 
9.410120 	 -0.178574 	 0.179651 	 0.216804 
9.420120 	 -0.180404 	 0.177657 	 0.218112 
9.430120 	 -0.182164 	 0.175666 	 0.219425 
9.440121 	 -0.183887 	 0.173622 	 0.220704 
9.450121 	 -0.185605 	 0.171613 	 0.221911 
9.460121 	 -0.187354 	 0.169567 	 0.223165 
9.470121 	 -0.189022 	 0.167527 	 0.224375 
9.480122 	 -0.190704 	 0.165425 	 0.225591 
9.490122 	 -0.192303 	 0.163336 	 0.226741 
9.500122 	 -0.193974 	 0.161259 	 0.227904 
9.510122 	 -0.195559 	 0.159128 	 0.229035 
9.520123 	 -0.197117 	 0.157031 	 0.230120 
9.530123 	 -0.198688 	 0.154842 	 0.231197 
9.540123 	 -0.200231 	 0.152690 	 0.232230 
9.550123 	 -0.201716 	 0.150517 	 0.233260 
9.560123 	 -0.203244 	 0.148346 	 0.234307 
9.570124 	 -0.204729 	 0.146146 	 0.235248 
9.580124 	 -0.206159 	 0.143903 	 0.236193 
9.590124 	 -0.207591 	 0.141732 	 0.237137 
9.600124 	 -0.209022 	 0.139481 	 0.238060 
9.610125 	 -0.210398 	 0.137262 	 0.238955 
9.620125 	 -0.211778 	 0.134965 	 0.239797 
9.630125 	 -0.213061 	 0.132760 	 0.240661 
9.640125 	 -0.214405 	 0.130482 	 0.241442 
9.650126 	 -0.215675 	 0.128172 	 0.242267 
9.660126 	 -0.216953 	 0.125906 	 0.243040 
9.670126 	 -0.218201 	 0.123561 	 0.243785 
9.680126 	 -0.219433 	 0.121263 	 0.244472 
9.690126 	 -0.220623 	 0.118933 	 0.245176 
9.700127 	 -0.221797 	 0.116625 	 0.245866 
9.710127 	 -0.222930 	 0.114282 	 0.246499 
9.720127 	 -0.224088 	 0.111917 	 0.247138 
9.730127 	 -0.225199 	 0.109557 	 0.247731 
9.740128 	 -0.226264 	 0.107188 	 0.248300 
9.750128 	 -0.227371 	 0.104804 	 0.248846 
9.760128 	 -0.228378 	 0.102421 	 0.249390 
9.770128 	 -0.229403 	 0.100045 	 0.249869 
9.780128 	 -0.230407 	 0.097610 	 0.250358 
9.790129 	 -0.231330 	 0.095238 	 0.250804 
9.800129 	 -0.232296 	 0.092789 	 0.251220 
9.810129 	 -0.233246 	 0.090370 	 0.251602 
9.820129 	 -0.234100 	 0.087980 	 0.252038 
9.830130 	 -0.235000 	 0.085524 	 0.252369 
9.840130 	 -0.235796 	 0.083099 	 0.252698 
9.850130 	 -0.236638 	 0.080634 	 0.252975 
9.860130 	 -0.237409 	 0.078164 	 0.253250 
9.870131 	 -0.238190 	 0.075782 	 0.253550 
9.880131 	 -0.238927 	 0.073265 	 0.253769 
9.890131 	 -0.239643 	 0.070833 	 0.253972 
9.900131 	 -0.240368 	 0.068307 	 0.254179 
9.910131 	 -0.240980 	 0.065881 	 0.254293 
9.920132 	 -0.241711 	 0.063384 	 0.254450 
9.930132 	 -0.242328 	 0.060940 	 0.254601 
9.940132 	 -0.242887 	 0.058422 	 0.254661 
9.950132 	 -0.243466 	 0.055944 	 0.254701 
9.960133 	 -0.244031 	 0.053442 	 0.254743 
9.970133 	 -0.244539 	 0.050977 	 0.254790 
9.980133 	 -0.244993 	 0.048414 	 0.254717 
9.990133 	 -0.245466 	 0.045916 	 0.254754 
