0.000000 	 1.000000 
0.010000 	 0.999950 
0.020000 	 0.999800 
0.030000 	 0.999550 
0.040000 	 0.999200 
0.050000 	 0.998750 
0.060000 	 0.998201 
0.070000 	 0.997551 
0.080000 	 0.996802 
0.090000 	 0.995953 
0.100000 	 0.995004 
0.110000 	 0.993956 
0.120000 	 0.992809 
0.130000 	 0.991562 
0.140000 	 0.990216 
0.150000 	 0.988771 
0.160000 	 0.987227 
0.170000 	 0.985585 
0.180000 	 0.983844 
0.190000 	 0.982004 
0.200000 	 0.980067 
0.210000 	 0.978031 
0.220000 	 0.975897 
0.230000 	 0.973666 
0.240000 	 0.971338 
0.250000 	 0.968912 
0.260000 	 0.966390 
0.270000 	 0.963771 
0.280000 	 0.961055 
0.290000 	 0.958244 
0.300000 	 0.955336 
0.310000 	 0.952334 
0.320000 	 0.949235 
0.330000 	 0.946042 
0.340000 	 0.942755 
0.350000 	 0.939373 
0.360000 	 0.935897 
0.370000 	 0.932327 
0.380000 	 0.928665 
0.390000 	 0.924909 
0.400000 	 0.921061 
0.410000 	 0.917121 
0.420000 	 0.913089 
0.430000 	 0.908966 
0.440000 	 0.904752 
0.450000 	 0.900447 
0.460000 	 0.896053 
0.470000 	 0.891568 
0.480000 	 0.886995 
0.490000 	 0.882333 
0.500000 	 0.877583 
0.510000 	 0.872745 
0.520000 	 0.867819 
0.530000 	 0.862807 
0.540000 	 0.857709 
0.550000 	 0.852525 
0.560000 	 0.847255 
0.570000 	 0.841901 
0.580000 	 0.836463 
0.590000 	 0.830941 
0.600000 	 0.825336 
0.610000 	 0.819648 
0.620000 	 0.813879 
0.630000 	 0.808028 
0.640000 	 0.802096 
0.650000 	 0.796084 
0.660000 	 0.789992 
0.670000 	 0.783822 
0.680000 	 0.777573 
0.690000 	 0.771246 
0.700000 	 0.764842 
0.710000 	 0.758362 
0.720000 	 0.751806 
0.730000 	 0.745175 
0.740000 	 0.738469 
0.750000 	 0.731689 
0.760000 	 0.724836 
0.770000 	 0.717911 
0.780000 	 0.710914 
0.790000 	 0.703846 
0.800000 	 0.696707 
0.810000 	 0.689499 
0.820000 	 0.682222 
0.830000 	 0.674876 
0.839999 	 0.667463 
0.849999 	 0.659984 
0.859999 	 0.652438 
0.869999 	 0.644827 
0.879999 	 0.637152 
0.889999 	 0.629413 
0.899999 	 0.621610 
0.909999 	 0.613746 
0.919999 	 0.605821 
0.929999 	 0.597834 
0.939999 	 0.589789 
0.949999 	 0.581684 
0.959999 	 0.573520 
0.969999 	 0.565300 
0.979999 	 0.557023 
0.989999 	 0.548690 
0.999999 	 0.540303 
1.009999 	 0.531861 
1.019999 	 0.523367 
1.029999 	 0.514819 
1.039999 	 0.506221 
1.049999 	 0.497572 
1.059999 	 0.488873 
1.069999 	 0.480125 
1.079999 	 0.471329 
1.089999 	 0.462486 
1.099999 	 0.453597 
1.109999 	 0.444662 
1.119999 	 0.435683 
1.129999 	 0.426660 
1.139999 	 0.417595 
1.149999 	 0.408488 
1.159999 	 0.399340 
1.169999 	 0.390152 
1.179999 	 0.380926 
1.189999 	 0.371661 
1.199999 	 0.362358 
1.209999 	 0.353020 
1.219999 	 0.343646 
1.229999 	 0.334238 
1.239999 	 0.324797 
1.249999 	 0.315323 
1.259999 	 0.305818 
1.269999 	 0.296282 
1.279999 	 0.286716 
1.289999 	 0.277122 
1.299999 	 0.267500 
1.309999 	 0.257851 
1.319999 	 0.248176 
1.329999 	 0.238477 
1.339999 	 0.228754 
1.349999 	 0.219008 
1.359999 	 0.209240 
1.369999 	 0.199451 
1.379999 	 0.189642 
1.389999 	 0.179814 
1.399999 	 0.169968 
1.409999 	 0.160105 
1.419999 	 0.150226 
1.429999 	 0.140333 
1.439999 	 0.130425 
1.449999 	 0.120504 
1.459999 	 0.110571 
1.469999 	 0.100627 
1.479999 	 0.090673 
1.489999 	 0.080710 
1.499999 	 0.070738 
1.509999 	 0.060760 
1.519999 	 0.050776 
1.529999 	 0.040786 
1.539999 	 0.030793 
1.549999 	 0.020796 
1.559999 	 0.010797 
1.569999 	 0.000797 
1.579999 	 -0.009202 
1.589999 	 -0.019201 
1.599999 	 -0.029198 
1.609999 	 -0.039192 
1.619999 	 -0.049183 
1.629999 	 -0.059168 
1.639999 	 -0.069147 
1.649999 	 -0.079120 
1.659999 	 -0.089084 
1.669999 	 -0.099040 
1.679999 	 -0.108986 
1.689999 	 -0.118920 
1.699999 	 -0.128843 
1.709999 	 -0.138753 
1.719999 	 -0.148649 
1.729999 	 -0.158531 
1.739999 	 -0.168396 
1.749999 	 -0.178245 
1.759999 	 -0.188076 
1.769999 	 -0.197887 
1.779999 	 -0.207680 
1.789999 	 -0.217451 
1.799999 	 -0.227201 
1.809999 	 -0.236928 
1.819999 	 -0.246631 
1.829999 	 -0.256310 
1.839999 	 -0.265963 
1.849999 	 -0.275589 
1.859999 	 -0.285188 
1.869999 	 -0.294758 
1.879999 	 -0.304299 
1.889999 	 -0.313809 
1.899999 	 -0.323288 
1.909999 	 -0.332735 
1.919999 	 -0.342148 
1.929999 	 -0.351528 
1.939999 	 -0.360871 
1.949998 	 -0.370179 
1.959998 	 -0.379450 
1.969998 	 -0.388683 
1.979998 	 -0.397877 
1.989998 	 -0.407032 
1.999998 	 -0.416145 
2.009999 	 -0.425218 
2.019999 	 -0.434247 
2.029999 	 -0.443233 
2.039999 	 -0.452175 
2.049999 	 -0.461071 
2.059999 	 -0.469922 
2.069999 	 -0.478725 
2.079998 	 -0.487481 
2.089998 	 -0.496188 
2.099998 	 -0.504845 
2.109998 	 -0.513452 
2.119998 	 -0.522007 
2.129998 	 -0.530510 
2.139998 	 -0.538960 
2.149998 	 -0.547356 
2.159998 	 -0.555698 
2.169998 	 -0.563984 
2.179998 	 -0.572213 
2.189998 	 -0.580386 
2.199998 	 -0.588500 
2.209998 	 -0.596555 
2.219998 	 -0.604551 
2.229998 	 -0.612486 
2.239998 	 -0.620360 
2.249998 	 -0.628172 
2.259998 	 -0.635922 
2.269998 	 -0.643607 
2.279998 	 -0.651228 
2.289998 	 -0.658785 
2.299998 	 -0.666275 
2.309998 	 -0.673698 
2.319998 	 -0.681055 
2.329998 	 -0.688343 
2.339998 	 -0.695562 
2.349998 	 -0.702712 
2.359998 	 -0.709791 
2.369998 	 -0.716800 
2.379998 	 -0.723737 
2.389998 	 -0.730601 
2.399998 	 -0.737393 
2.409998 	 -0.744110 
2.419998 	 -0.750753 
2.429998 	 -0.757322 
2.439998 	 -0.763814 
2.449998 	 -0.770230 
2.459998 	 -0.776569 
2.469998 	 -0.782831 
2.479998 	 -0.789014 
2.489998 	 -0.795118 
2.499998 	 -0.801143 
2.509998 	 -0.807087 
2.519998 	 -0.812951 
2.529998 	 -0.818734 
2.539998 	 -0.824434 
2.549998 	 -0.830053 
2.559998 	 -0.835588 
2.569998 	 -0.841040 
2.579998 	 -0.846407 
2.589998 	 -0.851690 
2.599998 	 -0.856888 
2.609998 	 -0.862000 
2.619998 	 -0.867026 
2.629998 	 -0.871965 
2.639998 	 -0.876817 
2.649998 	 -0.881581 
2.659998 	 -0.886258 
2.669998 	 -0.890845 
2.679998 	 -0.895343 
2.689998 	 -0.899752 
2.699998 	 -0.904071 
2.709998 	 -0.908300 
2.719998 	 -0.912437 
2.729998 	 -0.916484 
2.739998 	 -0.920439 
2.749998 	 -0.924302 
2.759998 	 -0.928072 
2.769998 	 -0.931749 
2.779998 	 -0.935334 
2.789998 	 -0.938824 
2.799998 	 -0.942222 
2.809998 	 -0.945524 
2.819998 	 -0.948732 
2.829998 	 -0.951846 
2.839998 	 -0.954864 
2.849998 	 -0.957787 
2.859998 	 -0.960613 
2.869998 	 -0.963344 
2.879998 	 -0.965979 
2.889998 	 -0.968517 
2.899998 	 -0.970958 
2.909998 	 -0.973302 
2.919998 	 -0.975548 
2.929998 	 -0.977697 
2.939998 	 -0.979748 
2.949998 	 -0.981702 
2.959998 	 -0.983557 
2.969998 	 -0.985314 
2.979998 	 -0.986972 
2.989998 	 -0.988531 
2.999998 	 -0.989992 
3.009998 	 -0.991354 
3.019998 	 -0.992616 
3.029998 	 -0.993780 
3.039998 	 -0.994844 
3.049998 	 -0.995808 
3.059998 	 -0.996673 
3.069998 	 -0.997438 
3.079998 	 -0.998103 
3.089998 	 -0.998669 
3.099998 	 -0.999135 
3.109998 	 -0.999501 
3.119998 	 -0.999767 
3.129997 	 -0.999933 
3.139997 	 -0.999998 
